ZAccle
Raw MAF FIR

-1.382992 -1.131672 -0.883402
-1.368901 -1.255990 -0.975756
-1.402207 -1.312232 -1.085800
-1.292041 -1.355298 -1.196210
-1.188463 -1.326872 -1.285148
-1.048590 -1.260016 -1.334680
-0.940071 -1.174250 -1.338157
-0.837896 -1.061400 -1.295884
-0.860649 -0.975085 -1.217499
-0.892369 -0.915915 -1.117825
-0.930738 -0.892308 -1.018639
-0.980392 -0.900360 -0.942145
-0.960384 -0.924882 -0.901580
-0.729011 -0.898530 -0.896212
-0.747433 -0.869555 -0.909937
-0.338428 -0.751093 -0.915061
-0.306708 -0.616344 -0.886818
-0.437004 -0.511668 -0.810690
-0.842898 -0.534482 -0.693387
-0.932934 -0.571570 -0.572058
-1.093303 -0.722545 -0.505324
-1.089521 -0.879132 -0.535214
-1.291736 -1.050054 -0.655750
-1.302838 -1.142042 -0.817156
-1.611864 -1.277828 -0.968131
-1.172115 -1.293566 -1.091717
-1.295518 -1.334802 -1.197308
-1.201822 -1.316807 -1.283196
-1.255746 -1.307413 -1.330959
-1.032364 -1.191513 -1.330593
-1.008696 -1.158817 -1.294664
-0.948733 -1.089460 -1.244095
-0.860771 -1.021262 -1.187975
-0.705587 -0.911218 -1.123498
-0.707356 -0.846192 -1.048224
-0.661301 -0.776713 -0.967460
-0.725656 -0.732122 -0.885903
-0.640744 -0.688080 -0.809775
-0.585173 -0.664046 -0.748409
-0.705587 -0.663680 -0.708149
-0.771894 -0.685762 -0.683749
-0.838384 -0.708332 -0.669353
-0.851133 -0.750422 -0.668621
-0.902800 -0.813923 -0.690276
-1.221464 -0.917135 -0.734318
-1.152534 -0.993263 -0.792146
-1.259406 -1.077443 -0.861076
-1.576301 -1.222501 -0.944890
-1.229333 -1.287771 -1.043588
-1.403000 -1.324066 -1.149911
-1.305766 -1.354749 -1.246108
-1.072807 -1.317417 -1.313879
-1.085495 -1.219268 -1.342671
-0.873520 -1.148081 -1.327482
-0.895358 -1.046577 -1.271850
-0.826001 -0.950624 -1.188158
-0.771345 -0.890295 -1.091534
-0.719678 -0.817156 -0.997472
-0.734928 -0.789462 -0.918965
-0.612501 -0.732854 -0.856074
-0.570716 -0.681797 -0.804224
-0.557235 -0.638975 -0.757864
-0.657214 -0.626470 -0.711382
-0.790804 -0.637694 -0.665937
-0.806481 -0.676490 -0.631533
-1.020774 -0.766465 -0.625189
-0.970266 -0.849059 -0.657153
-1.209874 -0.959591 -0.724009
-1.497184 -1.100867 -0.811178
-1.357555 -1.211094 -0.909693
-1.191513 -1.245254 -1.021445
-1.143506 -1.279902 -1.140700
-1.344440 -1.306803 -1.239581
-1.364692 -1.280329 -1.287344
-1.193709 -1.247572 -1.285636
-1.043283 -1.217926 -1.267763
-0.886513 -1.166503 -1.260016
-0.783545 -1.054324 -1.248731
-0.615368 -0.904447 -1.200419
-0.444080 -0.754509 -1.103124
-0.439871 -0.633851 -0.973255
-0.437004 -0.543937 -0.833321
-0.548329 -0.496906 -0.699426
-0.627385 -0.499285 -0.587369
-0.825574 -0.575596 -0.516060
-0.982344 -0.684115 -0.499468
-1.190049 -0.834724 -0.540033
-1.265628 -0.978196 -0.629947
-1.301069 -1.112884 -0.757254
-1.279841 -1.203774 -0.904569
-1.208044 -1.248914 -1.047553
-1.195844 -1.250073 -1.161013
-1.295152 -1.255990 -1.228601
-1.240496 -1.243851 -1.251842
-1.383968 -1.264652 -1.249524
-1.109468 -1.244949 -1.244522
-0.939217 -1.193648 -1.249097
-0.841922 -1.103002 -1.252696
-0.661606 -0.987224 -1.228113
-0.698267 -0.850096 -1.155950
-0.726998 -0.773602 -1.041697
-0.548695 -0.695461 -0.914451
-0.457622 -0.618601 -0.806420
-0.334890 -0.553270 -0.728462
-0.690703 -0.551745 -0.665815
-0.625982 -0.531554 -0.602436
-1.228174 -1.277950 -1.255197
-1.419836 -1.298141 -1.298812
-1.255685 -1.291065 -1.300398
-1.084763 -1.218475 -1.284416
-0.947696 -1.187182 -1.272033
-0.816241 -1.104832 -1.259284
-0.666608 -0.954162 -1.222745
-0.565653 -0.816180 -1.142225
-0.427000 -0.684603 -1.021506
-0.294752 -0.554002 -0.884988
-0.465003 -0.483791 -0.750666
-0.767746 -0.503982 -0.625921
-0.805932 -0.552050 -0.526918
-0.906582 -0.648003 -0.482876
-0.908961 -0.770796 -0.513498
-1.120509 -0.901946 -0.607255
-1.305827 -1.009550 -0.726144
-1.522560 -1.152839 -0.839482
-1.360605 -1.243668 -0.947818
-1.104100 -1.282708 -1.067866
-1.210850 -1.300764 -1.192306
-1.235494 -1.286673 -1.282281
-1.181021 -1.218414 -1.307657
-1.026569 -1.151558 -1.278621
-0.830576 -1.096902 -1.232322
-0.896761 -1.034072 -1.189805
-0.681065 -0.923174 -1.139724
-0.598166 -0.806603 -1.064999
-0.515389 -0.704367 -0.968253
-0.353312 -0.608902 -0.864248
-0.397537 -0.509045 -0.760853
-0.580232 -0.488915 -0.658251
-0.888709 -0.546987 -0.563823
-1.097085 -0.663375 -0.502640
-1.178520 -0.828380 -0.507703
-1.383297 -1.025532 -0.595848
-1.232749 -1.156072 -0.751642
-1.224026 -1.223111 -0.932507
-1.391593 -1.282037 -1.090558
-1.139663 -1.274229 -1.196698
-1.434415 -1.284477 -1.251598
-1.358653 -1.309670 -1.271850
-1.198162 -1.304485 -1.280207
-0.930372 -1.212253 -1.291126
-0.852841 -1.154852 -1.297226
-0.629093 -0.993812 -1.271606
-0.406748 -0.803431 -1.193526
-0.518805 -0.667523 -1.062620
-0.465064 -0.574498 -0.900177
-0.552355 -0.514413 -0.741272
-0.637938 -0.516182 -0.614758
-0.719007 -0.578585 -0.539484
-1.063535 -0.687531 -0.521123
-1.158329 -0.826184 -0.553758
-1.395314 -0.994788 -0.631350
-1.205421 -1.108309 -0.751398
-1.209081 -1.206336 -0.903593
-1.207007 -1.235006 -1.055910
-1.019493 -1.207251 -1.168882
-1.237507 -1.175653 -1.220610
-1.296433 -1.193892 -1.218170
-1.352736 -1.222623 -1.192916
-1.133380 -1.207861 -1.179313
-0.933117 -1.190598 -1.193465
-0.780373 -1.099159 -1.217804
-0.551074 -0.950136 -1.213473
-0.502152 -0.780007 -1.148264
-0.443409 -0.642025 -1.021140
-0.561200 -0.567605 -0.862967
-0.588711 -0.529297 -0.712358
-0.595299 -0.538142 -0.601033
-0.842532 -0.606218 -0.544059
-0.991311 -0.715774 -0.539850
-1.181265 -0.839787 -0.579439
-1.384822 -0.998997 -0.657336
-1.957368 -1.271423 -0.774029
-1.102392 -1.323395 -0.928969
-1.038037 -1.332728 -1.113738
-1.125328 -1.321565 -1.282708
-1.296067 -1.303814 -1.371280
-1.300276 -1.172420 -1.353041
-1.008269 -1.153571 -1.272216
-0.964288 -1.138809 -1.205360
-0.724131 -1.058594 -1.181997
-0.644709 -0.928298 -1.164063
-0.572180 -0.782691 -1.100135
-0.482083 -0.677466 -0.986736
-0.495442 -0.583709 -0.853268
-0.590541 -0.556991 -0.729743
-0.692228 -0.566446 -0.632875
-0.932080 -0.638426 -0.572973
-1.144665 -0.770979 -0.560285
-1.270813 -0.926041 -0.602680
-1.228601 -1.053653 -0.701805
-1.459913 -1.207190 -0.843386
-1.080310 -1.236836 -0.997228
-1.094645 -1.226832 -1.131184
-1.295640 -1.231773 -1.217499
-1.382931 -1.262639 -1.245681
-1.330837 -1.236836 -1.235128
-0.990640 -1.218902 -1.223477
-0.865346 -1.173030 -1.233237
-0.670573 -1.048041 -1.244522
-0.563518 -0.884134 -1.212009
-0.397964 -0.697596 -1.108980
-0.361303 -0.571692 -0.955077
-0.440908 -0.486841 -0.789218
-0.608414 -0.474397 -0.641598
-0.792207 -0.520147 -0.531493
-1.046943 -0.649955 -0.477081
-1.165710 -0.810812 -0.494405
-1.308877 -0.984418 -0.584990
-1.303021 -1.123315 -0.730475
-1.193465 -1.203591 -0.898591
-1.049383 -1.204079 -1.053714
-1.052677 -0.855586 -0.510631
-1.228174 -1.009733 -0.634034
-1.261480 -1.101294 -0.791475
-1.344562 -1.188219 -0.935252
-1.325347 -1.242448 -1.049078
-1.173640 -1.266604 -1.140212
-1.221342 -1.265262 -1.213229
-1.245315 -1.262029 -1.259528
-1.254648 -1.244034 -1.272399
-0.996130 -1.178215 -1.259894
-0.889197 -1.121302 -1.238727
-0.678015 -1.012661 -1.211033
-0.730536 -0.909693 -1.161196
-0.534421 -0.765611 -1.073234
-0.422364 -0.650870 -0.954284
-0.397232 -0.552477 -0.828319
-0.449143 -0.506727 -0.712358
-0.787937 -0.518195 -0.611525
-0.668438 -0.544974 -0.533445
-0.975939 -0.655689 -0.500017
-1.016504 -0.779580 -0.526735
-1.421117 -0.973987 -0.609390
-1.411296 -1.098610 -0.727608
-1.568615 -1.278682 -0.869006
-1.157841 -1.315038 -1.027057
-0.908168 -1.293383 -1.184681
-1.219329 -1.253001 -1.299910
-1.327360 -1.236226 -1.329678
-1.302838 -1.183095 -1.281549
-0.961848 -1.143872 -1.213778
-0.833565 -1.128988 -1.182546
-0.908656 -1.066829 -1.183034
-0.757193 -0.952820 -1.164490
-0.748592 -0.841922 -1.093791
-0.686372 -0.786839 -0.990701
-0.608109 -0.741760 -0.894931
-0.505629 -0.661179 -0.822341
-0.406504 -0.591029 -0.762744
-0.633241 -0.567971 -0.701317
-0.787998 -0.588284 -0.635925
-0.766892 -0.620004 -0.581879
-1.117154 -0.742309 -0.564799
-0.911828 -0.843386 -0.601399
-0.978074 -0.912377 -0.686494
-1.348344 -1.024434 -0.792146
-1.143140 -1.099708 -0.888526
-1.634068 -1.203042 -0.970815
-0.984845 -1.217682 -1.050725
-1.519388 -1.325957 -1.139358
-1.271545 -1.310585 -1.223477
-1.321382 -1.346209 -1.283074
-0.908473 -1.201090 -1.309426
-0.793183 -1.162782 -1.309975
-0.875228 -1.033950 -1.280451
-0.845033 -0.948611 -1.206153
-0.863638 -0.857111 -1.093242
-0.763171 -0.828014 -0.975573
-0.703391 -0.810080 -0.893955
-0.629032 -0.760853 -0.851682
-0.506300 -0.693082 -0.824293
-0.472933 -0.614941 -0.785070
-0.478850 -0.558089 -0.726632
-0.613111 -0.540033 -0.656238
-0.840519 -0.582306 -0.589443
-0.962458 -0.673562 -0.548573
-1.113128 -0.801601 -0.556320
-0.934032 -0.892613 -0.623054
-1.328885 -1.035780 -0.735355
-1.146556 -1.096963 -0.859612
-1.445822 -1.193648 -0.969717
-1.145397 -1.200114 -1.058960
-1.258918 -1.265079 -1.135942
-1.038708 -1.207068 -1.200114
-1.283501 -1.234457 -1.238666
-1.452471 -1.235799 -1.241655
-1.240618 -1.254831 -1.223416
-0.939644 -1.190964 -1.216340
-0.817583 -1.146739 -1.230797
-0.775798 -1.045174 -1.237873
-0.702781 -0.895236 -1.193404
-0.671244 -0.781410 -1.087935
-0.495381 -0.692533 -0.953918
-0.523441 -0.633729 -0.834907
-0.437980 -0.566141 -0.743651
-0.453779 -0.516365 -0.668194
-0.896273 -0.561322 -0.599935
-0.764452 -0.615185 -0.547170
-0.993202 -0.709125 -0.533872
-0.994788 -0.820450 -0.575962
-1.251598 -0.980026 -0.666425
-1.264042 -1.053592 -0.780190
-1.285514 -1.157780 -0.896273
-1.282708 -1.215730 -1.006439
-1.271362 -1.270996 -1.108187
-1.277584 -1.276242 -1.191879
-1.272704 -1.277950 -1.245376
-1.369267 -1.294725 -1.270081
-1.155523 -1.269288 -1.277523
-0.853085 -1.185596 -1.280085
-0.814228 -1.092937 -1.273680
-0.611586 -0.960689 -1.236958
-0.559065 -0.798673 -1.151497
-0.479216 -0.663436 -1.020591
-0.457378 -0.584258 -0.871080
