Raw MAF FIR

-0.964532 -0.960994 -0.964227
-0.956785 -0.959164 -0.961604
-0.966850 -0.960018 -0.959774
-0.965081 -0.964837 -0.959713
-0.971364 -0.964898 -0.960933
-0.967826 -0.965569 -0.962519
-0.963312 -0.966850 -0.963922
-0.973621 -0.968192 -0.965325
-0.970388 -0.969290 -0.966728
-0.964349 -0.967887 -0.967643
-0.960384 -0.966362 -0.968131
-0.962824 -0.966301 -0.968314
-0.969534 -0.965447 -0.967887
-0.958798 -0.963129 -0.966606
-0.967887 -0.963861 -0.965081
-0.951661 -0.962092 -0.964105
-0.969778 -0.963495 -0.963800
-0.971486 -0.963922 -0.963434
-0.959164 -0.963983 -0.962946
-0.970449 -0.964471 -0.962885
-0.960750 -0.966301 -0.963739
-0.962153 -0.964776 -0.964898
-0.961482 -0.962763 -0.965508
-0.964288 -0.963800 -0.965081
-0.960933 -0.961909 -0.964044
-0.977159 -0.965203 -0.963190
-0.961604 -0.965081 -0.962824
-0.967582 -0.966301 -0.963434
-0.968802 -0.967216 -0.964776
-0.966118 -0.968253 -0.966179
-0.969717 -0.966728 -0.967033
-0.963861 -0.967216 -0.967277
-0.958737 -0.965447 -0.967277
-0.961848 -0.964044 -0.967094
-0.963678 -0.963556 -0.966484
-0.944646 -0.958554 -0.965020
-0.966484 -0.959042 -0.963129
-0.963922 -0.960079 -0.961177
-0.957395 -0.959225 -0.959530
-0.965264 -0.959530 -0.958798
-0.967460 -0.964105 -0.959164
-0.969961 -0.964776 -0.960323
-0.964593 -0.964898 -0.961909
-0.966911 -0.966789 -0.963556
-0.969046 -0.967582 -0.965081
-0.964166 -0.966911 -0.966362
-0.962092 -0.965325 -0.966972
-0.965142 -0.965447 -0.966911
-0.961970 -0.964471 -0.966362
-0.964288 -0.963495 -0.965569
-0.959713 -0.962641 -0.964654
-0.963800 -0.962946 -0.963861
-0.951661 -0.960262 -0.963251
-0.960445 -0.959957 -0.962641
-0.960567 -0.959225 -0.961726
-0.953857 -0.958066 -0.960384
-0.969046 -0.959103 -0.959225
-0.966606 -0.962092 -0.958554
-0.969229 -0.963861 -0.958920
-0.965996 -0.964898 -0.960323
-0.963129 -0.966789 -0.962519
-0.960933 -0.965142 -0.964776
-0.960567 -0.963922 -0.966057
-0.960140 -0.962153 -0.965874
-0.973804 -0.963678 -0.964532
-0.962153 -0.963495 -0.963129
-0.967216 -0.964776 -0.962580
-0.973133 -0.967277 -0.963251
-0.966911 -0.968619 -0.964715
-0.963800 -0.966606 -0.966179
-0.961909 -0.966545 -0.967277
-0.969290 -0.966972 -0.967704
-0.950197 -0.962397 -0.967277
-0.963861 -0.961787 -0.966179
-0.959347 -0.960872 -0.964471
-0.966362 -0.961787 -0.962702
-0.961238 -0.960201 -0.961299
-0.962458 -0.962641 -0.960689
-0.965386 -0.962946 -0.961055
-0.963312 -0.963739 -0.961909
-0.955992 -0.961665 -0.962702
-0.971120 -0.963617 -0.963007
-0.962336 -0.963617 -0.963007
-0.965996 -0.963739 -0.962885
-0.966118 -0.964288 -0.963068
-0.960262 -0.965142 -0.963617
-0.967521 -0.964410 -0.964349
-0.966057 -0.965142 -0.964776
-0.964593 -0.964898 -0.964715
-0.962458 -0.964166 -0.964654
-0.966545 -0.965386 -0.964776
-0.959164 -0.963739 -0.964898
-0.957395 -0.962031 -0.964776
-0.961665 -0.961421 -0.964227
-0.966118 -0.962153 -0.963190
-0.968680 -0.962580 -0.962031
-0.973804 -0.965508 -0.961421
-0.964898 -0.967033 -0.962031
-0.968680 -0.967399 -0.961848
-0.964532 -0.968741 -0.964532
-0.963922 -0.967033 -0.966972
-0.970998 -0.967643 -0.968131
-0.965020 -0.966606 -0.968009
-0.960994 -0.965081 -0.967216
-0.962336 -0.964654 -0.966606
-0.957273 -0.963312 -0.966118
-0.948062 -0.958737 -0.965264
-0.966057 -0.958920 -0.963617
-0.963373 -0.959408 -0.961299
-0.961177 -0.959164 -0.959164
-0.962885 -0.960262 -0.958310
-0.957822 -0.962214 -0.958981
-0.963495 -0.961726 -0.960445
-0.968680 -0.962763 -0.961543
-0.966606 -0.963861 -0.961787
-0.969412 -0.965203 -0.962031
-0.969229 -0.967460 -0.963068
-0.958127 -0.966362 -0.964715
-0.964593 -0.965569 -0.966362
-0.957639 -0.963800 -0.966972
-0.963007 -0.962519 -0.966240
-0.962824 -0.961238 -0.964593
-0.967826 -0.963129 -0.962885
-0.955748 -0.961360 -0.961909
-0.965020 -0.962885 -0.961909
-0.968375 -0.963922 -0.962397
-0.959591 -0.963312 -0.962763
-0.968558 -0.963434 -0.962946
-0.964288 -0.965142 -0.963251
-0.963251 -0.964776 -0.963739
-0.965386 -0.964166 -0.964349
-0.963800 -0.965020 -0.964715
-0.962641 -0.963861 -0.964715
-0.967582 -0.964532 -0.964593
-0.957090 -0.963251 -0.964349
-0.966728 -0.963556 -0.964166
-0.968009 -0.964410 -0.963922
-0.975634 -0.966972 -0.963739
-0.959774 -0.965447 -0.963922
-0.961116 -0.966240 -0.964898
-0.958615 -0.964593 -0.966240
-0.964349 -0.963861 -0.966728
-0.968802 -0.962519 -0.965630
-0.951112 -0.960750 -0.963678
-0.962397 -0.961055 -0.962397
-0.963007 -0.961909 -0.961970
-0.955077 -0.960079 -0.961726
-0.966240 -0.959530 -0.961116
-0.961848 -0.961665 -0.960445
-0.960933 -0.961421 -0.960201
-0.963373 -0.961482 -0.960628
-0.965325 -0.963495 -0.961299
-0.971181 -0.964532 -0.961848
-0.966301 -0.962824 -0.966789
-0.966301 -0.963007 -0.965813
-0.963495 -0.961177 -0.963739
-0.961360 -0.960933 -0.961787
-0.969168 -0.965325 -0.961238
-0.964654 -0.964959 -0.962153
-0.966850 -0.965081 -0.963495
-0.957639 -0.963922 -0.964410
-0.968680 -0.965386 -0.964898
-0.969168 -0.965386 -0.965020
-0.964166 -0.965264 -0.964837
-0.961604 -0.964227 -0.964715
-0.969412 -0.966606 -0.965020
-0.969290 -0.966728 -0.965447
-0.968985 -0.966667 -0.965691
-0.967277 -0.967277 -0.965935
-0.965386 -0.968070 -0.966484
-0.966362 -0.967460 -0.967338
-0.970510 -0.967704 -0.967887
-0.954284 -0.964715 -0.967704
-0.961604 -0.963617 -0.967094
-0.971120 -0.964776 -0.966240
-0.966728 -0.964837 -0.965020
-0.965996 -0.963922 -0.963922
-0.963617 -0.965813 -0.963739
-0.970022 -0.967460 -0.964593
-0.966118 -0.966484 -0.965752
-0.966362 -0.966423 -0.966362
-0.964044 -0.965996 -0.966484
-0.965752 -0.966423 -0.966484
-0.965081 -0.965447 -0.966484
-0.959713 -0.964166 -0.966179
-0.967460 -0.964410 -0.965630
-0.961177 -0.963800 -0.964959
-0.966484 -0.963983 -0.964410
-0.965752 -0.964105 -0.963983
-0.958432 -0.963861 -0.963800
-0.962458 -0.962824 -0.963983
-0.971425 -0.964898 -0.964044
-0.958615 -0.963312 -0.963800
-0.964532 -0.963068 -0.963495
-0.970266 -0.965447 -0.963556
-0.959469 -0.964837 -0.963861
-0.965081 -0.963556 -0.964288
-0.969229 -0.965691 -0.964593
-0.964532 -0.965691 -0.964654
-0.965996 -0.964837 -0.964776
-0.969046 -0.966728 -0.965081
-0.964166 -0.966545 -0.965508
-0.963495 -0.965447 -0.965996
-0.970632 -0.966667 -0.966301
-0.966606 -0.966789 -0.966240
-0.965874 -0.966118 -0.966118
-0.965874 -0.966484 -0.966240
-0.969961 -0.967765 -0.966484
-0.966850 -0.967033 -0.966789
-0.951112 -0.963922 -0.966911
-0.958615 -0.962458 -0.966728
-0.968253 -0.962946 -0.965935
-0.964593 -0.961848 -0.964105
-0.964349 -0.961360 -0.962153
-0.970510 -0.965264 -0.961299
-0.962885 -0.966118 -0.962092
-0.969961 -0.966423 -0.963861
-0.962214 -0.965935 -0.965386
-0.964532 -0.965996 -0.966118
-0.965081 -0.964898 -0.966301
-0.972706 -0.966850 -0.966057
-0.962702 -0.965447 -0.965569
-0.965874 -0.966179 -0.965508
-0.965996 -0.966423 -0.965874
-0.967704 -0.966972 -0.966362
-0.967826 -0.965996 -0.966484
-0.962153 -0.965874 -0.966301
-0.959225 -0.964532 -0.966179
-0.961909 -0.963739 -0.966118
-0.949770 -0.960140 -0.965508
-0.960994 -0.958798 -0.964044
-0.967094 -0.959774 -0.961909
-0.961116 -0.960140 -0.959835
-0.961238 -0.960018 -0.958859
-0.963495 -0.962763 -0.959347
-0.965081 -0.963556 -0.960689
-0.966850 -0.963556 -0.961970
-0.969473 -0.965203 -0.962702
-0.960445 -0.965020 -0.963312
-0.966911 -0.965752 -0.964288
-0.963129 -0.965325 -0.965264
-0.963556 -0.964654 -0.965691
-0.970510 -0.964898 -0.965386
-0.966118 -0.965996 -0.964898
-0.963007 -0.965264 -0.964776
-0.964105 -0.965447 -0.965203
-0.967216 -0.966179 -0.965752
-0.957639 -0.963617 -0.965813
-0.964654 -0.963312 -0.965447
-0.955138 -0.961726 -0.964654
-0.958432 -0.960567 -0.963678
-0.963251 -0.959774 -0.962580
-0.967216 -0.964959 -0.963495
-0.963312 -0.965996 -0.964959
-0.965874 -0.965630 -0.965569
-0.965569 -0.964654 -0.965691
-0.966118 -0.965569 -0.965447
-0.957944 -0.963739 -0.965142
-0.969961 -0.965081 -0.965020
-0.968009 -0.965508 -0.964898
-0.963556 -0.965081 -0.964654
-0.968680 -0.965630 -0.964715
-0.967826 -0.967582 -0.965142
-0.965996 -0.966789 -0.965874
-0.960750 -0.965325 -0.966484
-0.948489 -0.962336 -0.966667
-0.966545 -0.961909 -0.966179
-0.967094 -0.961726 -0.964593
-0.969168 -0.962397 -0.962336
-0.976854 -0.965630 -0.960933
-0.966728 -0.969229 -0.961665
-0.966728 -0.969290 -0.964410
-0.966362 -0.969168 -0.967582
-0.963373 -0.968009 -0.969412
-0.959774 -0.964593 -0.969412
-0.968009 -0.964837 -0.968131
-0.965508 -0.964593 -0.966362
-0.964349 -0.964166 -0.964898
-0.963251 -0.964166 -0.964227
-0.965752 -0.965325 -0.964288
-0.973011 -0.966362 -0.964654
-0.961604 -0.965569 -0.964898
-0.966545 -0.965996 -0.965264
-0.968436 -0.967033 -0.965813
-0.963861 -0.966667 -0.966362
-0.947269 -0.961543 -0.966545
-0.967582 -0.962702 -0.966057
-0.967826 -0.962946 -0.964776
-0.967704 -0.962824 -0.962946
-0.968802 -0.963800 -0.961787
-0.971974 -0.968741 -0.962153
-0.968253 -0.968863 -0.964166
-0.968436 -0.968985 -0.966606
-0.965874 -0.968619 -0.968314
-0.960445 -0.966972 -0.969046
-0.972645 -0.967094 -0.968863
-0.965264 -0.966484 -0.968009
-0.965081 -0.965813 -0.966972
-0.969900 -0.966667 -0.966301
-0.964349 -0.967399 -0.966301
-0.963312 -0.965569 -0.966606
-0.968253 -0.966179 -0.966728
-0.971913 -0.967521 -0.966545
-0.969717 -0.967460 -0.966240
-0.955992 -0.965813 -0.966362
-0.955138 -0.964166 -0.966911
-0.970144 -0.964532 -0.967155
-0.969046 -0.963983 -0.966057
-0.971120 -0.964288 -0.964105
-0.960384 -0.965142 -0.963007
-0.960567 -0.966240 -0.963861
-0.974841 -0.967155 -0.965569
-0.961238 -0.965630 -0.966484
-0.971242 -0.965630 -0.966118
-0.961726 -0.965874 -0.965630
-0.966606 -0.967094 -0.965813
-0.968436 -0.965813 -0.966301
-0.966057 -0.966789 -0.966423
-0.967765 -0.966118 -0.966240
-0.963373 -0.966423 -0.966179
-0.970205 -0.967155 -0.966423
-0.965996 -0.966667 -0.966606
-0.966911 -0.966850 -0.966667
-0.971669 -0.967582 -0.966667
-0.970388 -0.968985 -0.966850
-0.952637 -0.965508 -0.967277
-0.968375 -0.965996 -0.967765
-0.964654 -0.965508 -0.967582
-0.958249 -0.962824 -0.966545
-0.960018 -0.960750 -0.964959
-0.960567 -0.962336 -0.963556
-0.956114 -0.959896 -0.962580
-0.956358 -0.958249 -0.961665
-0.967338 -0.960079 -0.960628
-0.964105 -0.960872 -0.959530
-0.958188 -0.960384 -0.959164
-0.966057 -0.962397 -0.959713
-0.965752 -0.964288 -0.960933
-0.972645 -0.965325 -0.962092
-0.967826 -0.966057 -0.963068
-0.967460 -0.967948 -0.964166
-0.969900 -0.968680 -0.965752
-0.944951 -0.964532 -0.967338
-0.961421 -0.962275 -0.968009
-0.967765 -0.962275 -0.966850
-0.957334 -0.960262 -0.964227
-0.964898 -0.959225 -0.961543
-0.965996 -0.963434 -0.960262
-0.955809 -0.962336 -0.960567
-0.962458 -0.961299 -0.961726
-0.963373 -0.962458 -0.962397
-0.955382 -0.960567 -0.962214
-0.962153 -0.959835 -0.961726
-0.965325 -0.961726 -0.961177
-0.969229 -0.963068 -0.960689
-0.959591 -0.962336 -0.960811
-0.971120 -0.965447 -0.961665
-0.960933 -0.965203 -0.963007
-0.963617 -0.964898 -0.964349
-0.960140 -0.963068 -0.965020
-0.965630 -0.964288 -0.964959
-0.960140 -0.962092 -0.964288
-0.945317 -0.958920 -0.963434
-0.965813 -0.959408 -0.962580
-0.969229 -0.961177 -0.961299
-0.964044 -0.960872 -0.959835
-0.964898 -0.961848 -0.959225
-0.969778 -0.966728 -0.960201
-0.971486 -0.967887 -0.962458
-0.970205 -0.968070 -0.964837
-0.957761 -0.966789 -0.966484
-0.964898 -0.966789 -0.967582
-0.967277 -0.966301 -0.968009
-0.959652 -0.963922 -0.967399
